0 0.5 0.70000004768372
1 1.375 1.125
2 0.17018538713455 0.9265798330307
3 1.1836 0.965
4 0.69145512580872 0.97055321931839
5 0.70401203632355 1.4047409296036
6 0.42397564649582 1.0317276716232
7 1.2025433778763 1.6580053567886
8 0.93260514736176 0.70519614219666
9 0.92042911052704 0.14304149150848
10 0.46957537531853 0.21841770410538
11 1.5761 1.2684
12 1.2624855041504 0.15273350477219
13 0.17309975624084 0.62654995918274
14 1.6118168830872 0.69549095630646
15 0.62783980369568 1.7313888072968
16 1.2897163629532 0.48983985185623
17 0.77331507205963 0.44264024496078
18 0.97522097826004 1.1872673034668
19 0.27634328603745 1.3304238319397
